40 2.67156e+07
40.2007 2.72149e+07
40.4013 2.77187e+07
40.602 2.82271e+07
40.8027 2.87402e+07
41.0033 2.92578e+07
41.204 2.978e+07
41.4047 3.03068e+07
41.6054 3.08381e+07
41.806 3.1374e+07
42.0067 3.19145e+07
42.2074 3.24594e+07
42.408 3.30089e+07
42.6087 3.3563e+07
42.8094 3.41215e+07
43.01 3.46845e+07
43.2107 3.5252e+07
43.4114 3.58241e+07
43.612 3.64005e+07
43.8127 3.69815e+07
44.0134 3.75669e+07
44.214 3.81568e+07
44.4147 3.87511e+07
44.6154 4.02071e+07
44.8161 4.08765e+07
45.0167 4.15542e+07
45.2174 4.22403e+07
45.4181 4.29348e+07
45.6187 4.36379e+07
45.8194 4.43497e+07
46.0201 4.50705e+07
46.2207 4.58002e+07
46.4214 4.6539e+07
46.6221 4.72871e+07
46.8227 4.80446e+07
47.0234 4.88115e+07
47.2241 4.95881e+07
47.4247 5.03745e+07
47.6254 5.11707e+07
47.8261 5.1977e+07
48.0268 5.27934e+07
48.2274 5.36201e+07
48.4281 5.44572e+07
48.6288 5.53048e+07
48.8294 5.61631e+07
49.0301 5.70322e+07
49.2308 5.79122e+07
49.4314 5.88033e+07
49.6321 5.97055e+07
49.8328 6.0619e+07
50.0334 6.1544e+07
50.2341 6.24805e+07
50.4348 6.34287e+07
50.6355 6.43887e+07
50.8361 6.53606e+07
51.0368 6.63447e+07
51.2375 6.73409e+07
51.4381 6.83495e+07
51.6388 6.93705e+07
51.8395 7.04041e+07
52.0401 7.14504e+07
52.2408 7.25096e+07
52.4415 7.35817e+07
52.6421 7.46669e+07
52.8428 7.57654e+07
53.0435 7.68772e+07
53.2441 7.80025e+07
53.4448 7.91414e+07
53.6455 8.02941e+07
53.8462 8.14606e+07
54.0468 8.26412e+07
54.2475 8.38358e+07
54.4482 8.50447e+07
54.6488 8.6268e+07
54.8495 8.75058e+07
55.0502 8.87583e+07
55.2508 9.00255e+07
55.4515 9.13076e+07
55.6522 9.32237e+07
55.8528 9.45752e+07
56.0535 9.59435e+07
56.2542 9.73289e+07
56.4548 9.87313e+07
56.6555 1.00151e+08
56.8562 1.01588e+08
57.0569 1.03043e+08
57.2575 1.04515e+08
57.4582 1.06005e+08
57.6589 1.07514e+08
57.8595 1.0904e+08
58.0602 1.10585e+08
58.2609 1.12148e+08
58.4615 1.1373e+08
58.6622 1.1533e+08
58.8629 1.16949e+08
59.0635 1.18588e+08
59.2642 1.20245e+08
59.4649 1.21922e+08
59.6656 1.23618e+08
59.8662 1.25334e+08
60.0669 1.2707e+08
60.2676 1.28825e+08
60.4682 1.30601e+08
60.6689 1.32396e+08
60.8696 1.34212e+08
61.0702 1.36049e+08
61.2709 1.37906e+08
61.4716 1.39784e+08
61.6722 1.41683e+08
61.8729 1.43603e+08
62.0736 1.45544e+08
62.2742 1.47506e+08
62.4749 1.4949e+08
62.6756 1.51496e+08
62.8763 1.53523e+08
63.0769 1.55572e+08
63.2776 1.57644e+08
63.4783 1.59737e+08
63.6789 1.61853e+08
63.8796 1.63992e+08
64.0803 1.66153e+08
64.2809 1.68337e+08
64.4816 1.70544e+08
64.6823 1.72774e+08
64.8829 1.75027e+08
65.0836 1.77304e+08
65.2843 1.79604e+08
65.4849 1.81928e+08
65.6856 1.84276e+08
65.8863 1.86648e+08
66.087 1.89044e+08
66.2876 1.91464e+08
66.4883 1.93908e+08
66.689 1.95598e+08
66.8896 1.98034e+08
67.0903 2.00491e+08
67.291 2.0297e+08
67.4916 2.05471e+08
67.6923 2.07994e+08
67.893 2.10538e+08
68.0936 2.13105e+08
68.2943 2.15693e+08
68.495 2.18304e+08
68.6957 2.20936e+08
68.8963 2.23591e+08
69.097 2.26268e+08
69.2977 2.28967e+08
69.4983 2.31689e+08
69.699 2.34433e+08
69.8997 2.37199e+08
70.1003 2.39987e+08
70.301 2.42798e+08
70.5017 2.45632e+08
70.7023 2.48488e+08
70.903 2.51366e+08
71.1037 2.54268e+08
71.3043 2.57192e+08
71.505 2.60138e+08
71.7057 2.63108e+08
71.9064 2.661e+08
72.107 2.69115e+08
72.3077 2.72154e+08
72.5084 2.75215e+08
72.709 2.78299e+08
72.9097 2.81406e+08
73.1104 2.84536e+08
73.311 2.8769e+08
73.5117 2.90866e+08
73.7124 2.94066e+08
73.913 2.9729e+08
74.1137 3.00536e+08
74.3144 3.03806e+08
74.5151 3.07099e+08
74.7157 3.10416e+08
74.9164 3.13757e+08
75.1171 3.17121e+08
75.3177 3.20508e+08
75.5184 3.23919e+08
75.7191 3.27354e+08
75.9197 3.30813e+08
76.1204 3.34296e+08
76.3211 3.37802e+08
76.5217 3.41332e+08
76.7224 3.44887e+08
76.9231 3.48465e+08
77.1237 3.52067e+08
77.3244 3.55694e+08
77.5251 3.59344e+08
77.7258 3.63019e+08
77.9264 3.6711e+08
78.1271 3.70874e+08
78.3278 3.74667e+08
78.5284 3.78487e+08
78.7291 3.82335e+08
78.9298 3.86211e+08
79.1304 3.90116e+08
79.3311 3.9405e+08
79.5318 3.98013e+08
79.7324 4.02006e+08
79.9331 4.06027e+08
80.1338 4.10079e+08
80.3344 4.1416e+08
80.5351 4.18272e+08
80.7358 4.22414e+08
80.9365 4.26587e+08
81.1371 4.30791e+08
81.3378 4.35026e+08
81.5385 4.39292e+08
81.7391 4.4359e+08
81.9398 4.47919e+08
82.1405 4.52281e+08
82.3411 4.56675e+08
82.5418 4.61102e+08
82.7425 4.65561e+08
82.9431 4.70053e+08
83.1438 4.74578e+08
83.3445 4.79137e+08
83.5452 4.83729e+08
83.7458 4.88356e+08
83.9465 4.93016e+08
84.1472 4.97711e+08
84.3478 5.0244e+08
84.5485 5.07205e+08
84.7492 5.12004e+08
84.9498 5.16838e+08
85.1505 5.21708e+08
85.3512 5.26614e+08
85.5518 5.31556e+08
85.7525 5.36534e+08
85.9532 5.41548e+08
86.1538 5.46599e+08
86.3545 5.51687e+08
86.5552 5.56812e+08
86.7559 5.61974e+08
86.9565 5.67174e+08
87.1572 5.72412e+08
87.3579 5.77687e+08
87.5585 5.83001e+08
87.7592 5.88354e+08
87.9599 5.93745e+08
88.1605 5.99175e+08
88.3612 6.04644e+08
88.5619 6.10153e+08
88.7625 6.15701e+08
88.9632 6.24306e+08
89.1639 6.30151e+08
89.3645 6.36047e+08
89.5652 6.41996e+08
89.7659 6.47996e+08
89.9666 6.54049e+08
90.1672 6.60156e+08
90.3679 6.66316e+08
90.5686 6.72531e+08
90.7692 6.788e+08
90.9699 6.85125e+08
91.1706 6.91506e+08
91.3712 6.97943e+08
91.5719 7.04437e+08
91.7726 7.10988e+08
91.9732 7.17597e+08
92.1739 7.24265e+08
92.3746 7.30992e+08
92.5753 7.37778e+08
92.7759 7.44624e+08
92.9766 7.5153e+08
93.1773 7.58498e+08
93.3779 7.65527e+08
93.5786 7.72618e+08
93.7793 7.79772e+08
93.9799 7.86989e+08
94.1806 7.94269e+08
94.3813 8.01613e+08
94.5819 8.09023e+08
94.7826 8.16497e+08
94.9833 8.24037e+08
95.1839 8.31643e+08
95.3846 8.39315e+08
95.5853 8.47055e+08
95.786 8.54863e+08
95.9866 8.62738e+08
96.1873 8.70683e+08
96.388 8.78697e+08
96.5886 8.8678e+08
96.7893 8.94934e+08
96.99 9.03158e+08
97.1906 9.11454e+08
97.3913 9.19822e+08
97.592 9.28262e+08
97.7926 9.36775e+08
97.9933 9.45361e+08
98.194 9.54021e+08
98.3946 9.62756e+08
98.5953 9.71565e+08
98.796 9.8045e+08
98.9967 9.89411e+08
99.1973 9.98448e+08
99.398 1.00756e+09
99.5987 1.01675e+09
99.7993 1.02602e+09
100 1.03537e+09
